 Episode    Step   Epsilon     MeanReward     MeanLength       MeanLoss     MeanQValue      TimeDelta                Time
       0      40     1.000        231.000         40.000          0.000          0.000          0.678 2025-12-04T08:48:51
      20    5590     0.999        732.238        266.190          0.000          0.000         99.993 2025-12-04T08:50:31
      40   10009     0.998        688.756        244.122          0.000          0.000         79.149 2025-12-04T08:51:50
      60   14925     0.996        669.459        244.672          0.000          0.000         87.307 2025-12-04T08:53:17
      80   20008     0.995        697.296        247.012          0.000          0.000         91.023 2025-12-04T08:54:48
     100   24133     0.994        700.490        240.930          0.000          0.000         73.966 2025-12-04T08:56:02
     120   28050     0.993        668.850        224.600          0.000          0.000         70.160 2025-12-04T08:57:12
     140   32091     0.992        667.770        220.820          0.000          0.000         68.622 2025-12-04T08:58:21
     160   36914     0.991        697.340        219.890          0.000          0.000         81.893 2025-12-04T08:59:43
     180   40074     0.990        669.000        200.660          0.000          0.000         54.240 2025-12-04T09:00:37
     200   44330     0.989        658.280        201.970          0.000          0.000         72.839 2025-12-04T09:01:50
     220   48785     0.988        684.450        207.350          0.000          0.000         76.532 2025-12-04T09:03:07
     240   52003     0.987        671.820        199.120          0.000          0.000         55.034 2025-12-04T09:04:02
     260   56539     0.986        660.840        196.250          0.000          0.000         77.324 2025-12-04T09:05:19
     280   61361     0.985        656.450        212.870          0.000          0.000         82.793 2025-12-04T09:06:42
     300   65024     0.984        644.730        206.940          0.000          0.000         62.774 2025-12-04T09:07:44
     320   69685     0.983        649.370        209.000          0.000          0.000         80.153 2025-12-04T09:09:05
     340   73966     0.982        653.690        219.630          0.000          0.000         73.575 2025-12-04T09:10:18
     360   80657     0.980        658.590        241.180          0.000          0.000        114.780 2025-12-04T09:12:13
     380   83566     0.979        647.790        222.050          0.000          0.000         50.236 2025-12-04T09:13:03
     400   86634     0.979        648.990        216.100          0.000          0.000         52.965 2025-12-04T09:13:56
     420   90517     0.978        620.500        208.320          0.000          0.000         67.099 2025-12-04T09:15:03
     440   96179     0.976        636.870        222.130          0.000          0.000         97.084 2025-12-04T09:16:40
     460  100386     0.975        624.480        197.290          0.056          0.030         73.076 2025-12-04T09:17:53
     480  105205     0.974        656.290        216.390          0.186          0.642         90.851 2025-12-04T09:19:24
     500  110390     0.973        673.290        237.560          0.286          1.334         97.758 2025-12-04T09:21:02
     520  116398     0.971        710.640        258.810          0.390          2.519        112.692 2025-12-04T09:22:55
     540  122013     0.970        716.750        258.340          0.489          3.881        106.349 2025-12-04T09:24:41
     560  125670     0.969        707.650        252.840          0.535          5.541         69.428 2025-12-04T09:25:51
     580  131453     0.968        727.110        262.480          0.515          6.736        108.682 2025-12-04T09:27:39
     600  135714     0.967        723.130        253.240          0.531          8.158         79.956 2025-12-04T09:28:59
     620  140547     0.965        698.710        241.490          0.547          9.150         90.950 2025-12-04T09:30:30
     640  143159     0.965        663.960        211.460          0.579         10.308         49.628 2025-12-04T09:31:20
     660  147068     0.964        688.870        213.980          0.609         11.110         74.384 2025-12-04T09:32:34
     680  152577     0.963        679.350        211.240          0.635         11.980        104.642 2025-12-04T09:34:19
     700  157900     0.961        708.680        221.860          0.659         12.770        101.668 2025-12-04T09:36:00
     720  163020     0.960        706.250        224.730          0.681         13.645         96.802 2025-12-04T09:37:37
     740  167678     0.959        729.600        245.190          0.696         14.244         88.388 2025-12-04T09:39:06
     760  171593     0.958        707.090        245.250          0.714         15.067         74.677 2025-12-04T09:40:20
     780  175441     0.957        663.120        228.640          0.724         15.889         73.284 2025-12-04T09:41:34
     800  179501     0.956        629.280        216.010          0.735         16.526         77.162 2025-12-04T09:42:51
     820  182694     0.955        619.690        196.740          0.764         17.205         60.828 2025-12-04T09:43:52
     840  186722     0.954        617.390        190.440          0.773         17.829         77.528 2025-12-04T09:45:09
     860  191829     0.953        625.160        202.360          0.782         18.363         97.190 2025-12-04T09:46:46
     880  194957     0.952        615.800        195.160          0.806         18.845         59.454 2025-12-04T09:47:46
     900  198589     0.952        603.840        190.880          0.822         19.389         69.050 2025-12-04T09:48:55
     920  201994     0.951        591.870        193.000          0.819         19.798         64.836 2025-12-04T09:50:00
     940  205226     0.950        587.870        185.040          0.852         20.233         61.685 2025-12-04T09:51:01
     960  207928     0.949        562.970        160.990          0.865         20.564         51.677 2025-12-04T09:51:53
     980  212343     0.948        586.630        173.860          0.885         20.976         84.424 2025-12-04T09:53:17
    1000  215729     0.947        594.580        171.400          0.897         21.398         64.730 2025-12-04T09:54:22
    1020  219211     0.947        602.480        172.170          0.909         21.903         66.937 2025-12-04T09:55:29
    1040  223615     0.946        621.170        183.890          0.909         22.473         84.025 2025-12-04T09:56:53
    1060  227151     0.945        635.630        192.230          0.923         23.100         67.675 2025-12-04T09:58:01
    1080  230680     0.944        640.890        183.370          0.939         23.551         67.711 2025-12-04T09:59:09
    1100  236548     0.943        675.970        208.190          0.960         24.108        112.909 2025-12-04T10:01:01
    1120  242064     0.941        704.640        228.530          0.985         24.515        105.844 2025-12-04T10:02:47
    1140  246380     0.940        692.320        227.650          1.003         24.814         82.922 2025-12-04T10:04:10
    1160  250537     0.939        705.930        233.860          1.012         25.072         79.482 2025-12-04T10:05:30
    1180  254722     0.938        724.280        240.420          1.033         25.370         80.463 2025-12-04T10:06:50
    1200  259307     0.937        720.420        227.590          1.030         25.487         87.879 2025-12-04T10:08:18
    1220  263554     0.936        712.320        214.900          1.043         25.785         81.379 2025-12-04T10:09:39
    1240  268642     0.935        724.110        222.620          1.051         26.075         97.193 2025-12-04T10:11:17
    1260  273498     0.934        744.500        229.610          1.093         26.381         93.167 2025-12-04T10:12:50
    1280  277370     0.933        734.200        226.480          1.082         26.678         74.195 2025-12-04T10:14:04
    1300  279844     0.932        685.660        205.370          1.107         26.968         47.327 2025-12-04T10:14:51
    1320  284462     0.931        683.670        209.080          1.112         27.242         88.072 2025-12-04T10:16:19
    1340  288865     0.930        668.440        202.230          1.120         27.440         84.564 2025-12-04T10:17:44
    1360  292799     0.929        635.920        193.010          1.111         27.665         75.214 2025-12-04T10:18:59
    1380  296150     0.929        628.440        187.800          1.115         27.814         64.145 2025-12-04T10:20:03
    1400  300223     0.928        647.360        203.790          1.125         28.011         77.887 2025-12-04T10:21:21
    1420  303983     0.927        645.020        195.210          1.118         28.080         72.206 2025-12-04T10:22:33
    1440  306114     0.926        614.450        172.490          1.117         28.273         40.781 2025-12-04T10:23:14
    1460  310645     0.925        631.920        178.460          1.104         28.354         86.617 2025-12-04T10:24:41
    1480  316267     0.924        671.880        201.170          1.117         28.509        107.776 2025-12-04T10:26:29
    1500  320963     0.923        695.060        207.400          1.107         28.542         89.975 2025-12-04T10:27:59
    1520  327081     0.921        729.580        230.980          1.110         28.486        117.285 2025-12-04T10:29:56
    1540  330880     0.921        765.040        247.660          1.117         28.563         72.684 2025-12-04T10:31:08
    1560  335220     0.920        740.220        245.750          1.141         28.684         83.047 2025-12-04T10:32:32
    1580  339041     0.919        694.540        227.740          1.145         28.712         73.131 2025-12-04T10:33:45
    1600  344554     0.917        690.200        235.910          1.155         28.848        105.439 2025-12-04T10:35:30
    1620  348650     0.917        672.010        215.690          1.176         29.037         77.986 2025-12-04T10:36:48
    1640  352269     0.916        685.810        213.890          1.186         29.133         68.863 2025-12-04T10:37:57
    1660  355552     0.915        688.030        203.320          1.160         29.275         62.452 2025-12-04T10:38:59
    1680  358747     0.914        692.920        197.060          1.148         29.509         60.953 2025-12-04T10:40:00
    1700  361290     0.914        668.870        167.360          1.153         29.722         48.680 2025-12-04T10:40:49
    1720  365654     0.913        643.530        170.040          1.152         29.926         82.860 2025-12-04T10:42:12
    1740  370643     0.912        642.750        183.740          1.149         30.129         95.162 2025-12-04T10:43:47
    1760  376438     0.910        664.470        208.860          1.181         30.208        111.164 2025-12-04T10:45:38
    1780  381514     0.909        679.200        227.670          1.185         30.070         97.029 2025-12-04T10:47:15
    1800  386482     0.908        723.890        251.920          1.166         29.977         95.245 2025-12-04T10:48:50
    1820  389904     0.907        714.630        242.500          1.166         29.950         65.057 2025-12-04T10:49:56
    1840  392990     0.906        686.030        223.470          1.184         29.881         58.801 2025-12-04T10:50:54
    1860  397244     0.905        683.560        208.060          1.173         29.858         81.028 2025-12-04T10:52:15
    1880  400585     0.905        651.670        190.710          1.180         30.005         63.684 2025-12-04T10:53:19
    1900  403820     0.904        602.670        173.380          1.198         30.161         62.284 2025-12-04T10:54:21
    1920  407068     0.903        610.630        171.640          1.187         30.261         62.035 2025-12-04T10:55:23
    1940  411384     0.902        633.590        183.940          1.159         30.357         81.941 2025-12-04T10:56:45
    1960  417654     0.901        671.390        204.100          1.158         30.471        119.644 2025-12-04T10:58:45
    1980  421169     0.900        666.200        205.840          1.155         30.485         67.554 2025-12-04T10:59:53
    2000  425690     0.899        689.020        218.700          1.138         30.492         86.568 2025-12-04T11:01:19
    2020  430366     0.898        698.500        232.980          1.139         30.458         89.293 2025-12-04T11:02:48
    2040  434489     0.897        703.550        231.050          1.149         30.455         79.151 2025-12-04T11:04:08
    2060  439350     0.896        684.520        216.960          1.146         30.520         92.839 2025-12-04T11:05:40
    2080  443503     0.895        719.750        223.340          1.137         30.622         79.871 2025-12-04T11:07:00
    2100  447811     0.894        716.250        221.210          1.130         30.713         82.378 2025-12-04T11:08:23
    2120  451599     0.893        724.740        212.330          1.126         30.893         71.822 2025-12-04T11:09:34
    2140  456546     0.892        740.460        220.570          1.124         30.919         94.881 2025-12-04T11:11:09
    2160  461909     0.891        708.460        225.590          1.114         30.805        102.571 2025-12-04T11:12:52
    2180  466093     0.890        725.110        225.900          1.117         30.678         80.172 2025-12-04T11:14:12
    2200  469607     0.889        705.200        217.960          1.121         30.486         67.643 2025-12-04T11:15:20
    2220  473038     0.888        705.280        214.390          1.128         30.321         65.609 2025-12-04T11:16:25
    2240  478083     0.887        693.170        215.370          1.130         30.354         96.553 2025-12-04T11:18:02
    2260  481747     0.887        686.800        198.380          1.132         30.388         69.977 2025-12-04T11:19:12
    2280  485253     0.886        640.600        191.600          1.142         30.523         67.137 2025-12-04T11:20:19
    2300  489222     0.885        665.720        196.150          1.151         30.689         76.186 2025-12-04T11:21:35
    2320  492795     0.884        646.370        197.570          1.169         30.732         68.212 2025-12-04T11:22:43
    2340  495524     0.883        597.610        174.410          1.175         30.725         52.488 2025-12-04T11:23:36
    2360  500216     0.882        622.730        184.690          1.195         30.826         90.295 2025-12-04T11:25:06
    2380  504346     0.882        633.980        190.930          1.217         30.767         79.320 2025-12-04T11:26:25
    2400  507689     0.881        624.400        184.670          1.244         30.683         64.161 2025-12-04T11:27:30
    2420  510676     0.880        610.960        178.810          1.245         30.762         57.405 2025-12-04T11:28:27
    2440  515247     0.879        655.370        197.230          1.281         30.697         87.219 2025-12-04T11:29:54
    2460  519184     0.878        636.980        189.680          1.294         30.698         75.570 2025-12-04T11:31:10
    2480  522975     0.877        642.290        186.290          1.288         30.889         73.161 2025-12-04T11:32:23
    2500  529113     0.876        637.970        214.240          1.272         31.018        117.556 2025-12-04T11:34:21
    2520  531736     0.876        652.700        210.600          1.266         31.052         50.359 2025-12-04T11:35:11
    2540  535009     0.875        615.940        197.620          1.234         31.158         62.831 2025-12-04T11:36:14
    2560  538906     0.874        634.690        197.220          1.216         31.203         75.071 2025-12-04T11:37:29
    2580  543082     0.873        619.680        201.070          1.225         31.231         80.286 2025-12-04T11:38:49
    2600  547089     0.872        645.400        179.760          1.214         31.270         76.583 2025-12-04T11:40:06
    2620  549762     0.872        635.500        180.260          1.210         31.331         51.163 2025-12-04T11:40:57
    2640  552931     0.871        647.730        179.220          1.210         31.519         60.964 2025-12-04T11:41:58
    2660  556487     0.870        619.340        175.810          1.210         31.723         68.352 2025-12-04T11:43:06
    2680  560392     0.869        619.290        173.100          1.176         31.781         75.133 2025-12-04T11:44:21
    2700  563037     0.869        583.080        159.480          1.191         32.103         50.717 2025-12-04T11:45:12
    2720  568302     0.868        630.370        185.400          1.186         32.218        101.101 2025-12-04T11:46:53
    2740  571757     0.867        619.070        188.260          1.173         32.314         66.258 2025-12-04T11:47:59
    2760  576113     0.866        640.420        196.260          1.158         32.330         83.563 2025-12-04T11:49:23
    2780  579635     0.865        647.540        192.430          1.167         32.531         67.788 2025-12-04T11:50:31
    2800  584765     0.864        684.870        217.280          1.155         32.520         98.779 2025-12-04T11:52:10
    2820  588432     0.863        649.970        201.300          1.133         32.562         70.285 2025-12-04T11:53:20
    2840  591758     0.862        660.740        200.010          1.136         32.606         63.981 2025-12-04T11:54:24
    2860  595296     0.862        653.470        191.830          1.147         32.717         67.883 2025-12-04T11:55:32
    2880  598644     0.861        651.580        190.090          1.135         32.728         64.486 2025-12-04T11:56:36
    2900  601935     0.860        614.590        171.700          1.139         32.822         63.245 2025-12-04T11:57:39
    2920  606586     0.859        637.790        181.540          1.139         33.016         90.006 2025-12-04T11:59:09
    2940  611344     0.858        654.600        195.860          1.141         33.011         91.983 2025-12-04T12:00:41
    2960  613669     0.858        622.140        183.730          1.110         33.067         45.563 2025-12-04T12:01:27
    2980  617538     0.857        641.980        188.940          1.114         33.119         74.903 2025-12-04T12:02:42
    3000  622951     0.856        664.860        210.160          1.097         33.143        104.626 2025-12-04T12:04:26
    3020  627012     0.855        648.940        204.260          1.104         33.153         78.265 2025-12-04T12:05:45
    3040  631358     0.854        656.520        200.140          1.079         33.346         83.857 2025-12-04T12:07:09
    3060  634410     0.853        680.230        207.410          1.081         33.469         58.714 2025-12-04T12:08:07
    3080  638358     0.852        667.100        208.200          1.043         33.577         75.955 2025-12-04T12:09:23
    3100  642093     0.852        683.180        191.420          1.030         33.612         72.099 2025-12-04T12:10:35
    3120  646634     0.851        689.100        196.220          1.023         33.744         87.665 2025-12-04T12:12:03
    3140  651013     0.850        676.070        196.550          1.029         33.659         84.141 2025-12-04T12:13:27
    3160  655691     0.849        683.570        212.810          1.031         33.525         89.535 2025-12-04T12:14:57
    3180  659567     0.848        692.530        212.090          1.036         33.428         74.197 2025-12-04T12:16:11
    3200  662409     0.847        652.100        203.160          1.041         33.237         54.875 2025-12-04T12:17:06
    3220  665585     0.847        632.590        189.510          1.028         33.087         61.461 2025-12-04T12:18:07
    3240  668179     0.846        627.380        171.660          1.001         33.161         49.977 2025-12-04T12:18:57
    3260  673417     0.845        621.800        177.260          0.984         33.249        100.971 2025-12-04T12:20:38
    3280  678237     0.844        657.010        186.700          0.973         33.322         93.279 2025-12-04T12:22:11
    3300  682597     0.843        686.860        201.880          0.975         33.517         84.179 2025-12-04T12:23:36
    3320  685416     0.843        693.650        198.310          0.979         33.713         54.535 2025-12-04T12:24:30
    3340  689515     0.842        728.200        213.360          0.990         33.883         79.177 2025-12-04T12:25:49
    3360  693337     0.841        746.620        199.200          1.012         34.013         73.799 2025-12-04T12:27:03
    3380  697592     0.840        698.750        193.550          1.034         34.141         82.448 2025-12-04T12:28:26
    3400  701222     0.839        679.640        186.250          1.026         34.181         70.138 2025-12-04T12:29:36
    3420  704737     0.838        682.190        193.210          1.020         34.090         68.825 2025-12-04T12:30:45
    3440  708185     0.838        650.560        186.700          1.029         33.920         68.012 2025-12-04T12:31:53
    3460  712400     0.837        622.960        190.630          1.043         33.911         82.714 2025-12-04T12:33:15
    3480  715610     0.836        606.370        180.180          1.036         33.777         62.710 2025-12-04T12:34:18
    3500  719638     0.835        633.190        184.160          1.030         33.747         79.034 2025-12-04T12:35:37
    3520  722723     0.835        626.130        179.860          1.050         33.760         61.105 2025-12-04T12:36:38
    3540  726332     0.834        619.340        181.470          1.058         33.893         70.822 2025-12-04T12:37:49
    3560  730954     0.833        631.840        185.540          1.056         33.820         91.089 2025-12-04T12:39:20
    3580  734398     0.832        639.400        187.880          1.065         33.833         67.740 2025-12-04T12:40:28
    3600  738719     0.831        612.030        190.810          1.059         33.821         85.289 2025-12-04T12:41:53
    3620  743420     0.830        636.230        206.970          1.067         33.729         92.695 2025-12-04T12:43:26
    3640  746663     0.830        632.070        203.310          1.069         33.569         64.060 2025-12-04T12:44:30
    3660  749928     0.829        624.870        189.740          1.036         33.463         64.157 2025-12-04T12:45:34
    3680  753623     0.828        633.740        192.250          1.045         33.578         72.785 2025-12-04T12:46:47
    3700  759426     0.827        648.190        207.070          1.056         33.624        114.193 2025-12-04T12:48:41
    3720  763106     0.826        597.080        196.860          1.043         33.676         72.186 2025-12-04T12:49:53
    3740  768496     0.825        602.560        218.330          1.033         33.504        105.347 2025-12-04T12:51:39
    3760  771605     0.825        599.440        216.770          1.058         33.381         63.481 2025-12-04T12:52:42
    3780  774826     0.824        603.370        212.030          1.064         33.194         65.116 2025-12-04T12:53:47
    3800  778483     0.823        586.190        190.570          1.058         33.006         73.546 2025-12-04T12:55:01
    3820  784147     0.822        636.100        210.410          1.057         32.927        113.844 2025-12-04T12:56:54
    3840  787914     0.821        655.110        194.180          1.053         32.932         75.092 2025-12-04T12:58:10
    3860  793066     0.820        658.980        214.610          1.057         32.842        103.373 2025-12-04T12:59:53
    3880  797149     0.819        654.650        223.230          1.048         32.523         82.235 2025-12-04T13:01:15
    3900  803384     0.818        697.210        249.010          1.056         32.313        123.238 2025-12-04T13:03:18
    3920  808291     0.817        686.410        241.440          1.045         31.971         96.904 2025-12-04T13:04:55
    3940  811630     0.816        659.220        237.160          1.057         31.689         66.659 2025-12-04T13:06:02
    3960  814078     0.816        636.530        210.120          1.039         31.549         48.469 2025-12-04T13:06:50
    3980  817489     0.815        629.420        203.400          1.022         31.536         67.554 2025-12-04T13:07:58
    4000  819895     0.815        572.180        165.110          1.007         31.593         47.701 2025-12-04T13:08:46
    4020  822952     0.814        540.000        146.610          1.006         31.569         60.573 2025-12-04T13:09:46
    4040  826754     0.813        563.210        151.240          0.992         31.697         75.455 2025-12-04T13:11:02
    4060  831715     0.812        592.060        176.370          1.003         31.707         98.518 2025-12-04T13:12:40
    4080  838267     0.811        628.910        207.780          0.992         31.742        129.889 2025-12-04T13:14:50
    4100  841728     0.810        640.320        218.330          0.992         31.439         68.608 2025-12-04T13:15:59
    4120  845430     0.809        643.630        224.780          0.988         31.417         73.216 2025-12-04T13:17:12
    4140  848113     0.809        621.710        213.590          0.975         31.222         52.808 2025-12-04T13:18:05
    4160  852137     0.808        617.960        204.220          0.941         31.048         78.756 2025-12-04T13:19:24
    4180  855514     0.807        591.070        172.470          0.942         30.809         66.323 2025-12-04T13:20:30
    4200  859697     0.807        596.410        179.690          0.950         30.853         82.430 2025-12-04T13:21:52
    4220  863760     0.806        622.710        183.300          0.953         30.853         79.777 2025-12-04T13:23:12
    4240  867635     0.805        639.140        195.220          0.948         30.990         76.441 2025-12-04T13:24:29
    4260  871111     0.804        640.510        189.740          0.957         31.320         68.939 2025-12-04T13:25:37
    4280  874977     0.804        649.850        194.630          0.979         31.692         76.913 2025-12-04T13:26:54
    4300  879910     0.803        664.290        202.130          0.972         31.880         98.015 2025-12-04T13:28:32
    4320  885010     0.802        682.290        212.500          0.973         32.031        101.025 2025-12-04T13:30:13
    4340  889676     0.801        684.490        220.410          0.982         32.079         93.041 2025-12-04T13:31:46
    4360  893238     0.800        667.340        221.270          0.996         32.099         71.270 2025-12-04T13:32:58
    4380  896586     0.799        660.400        216.090          0.961         32.090         66.818 2025-12-04T13:34:05
    4400  901379     0.798        673.280        214.690          0.972         32.225         95.673 2025-12-04T13:35:40
    4420  905297     0.797        662.640        202.870          0.965         32.382         78.206 2025-12-04T13:36:58
    4440  910139     0.796        662.870        204.630          0.965         32.633         96.420 2025-12-04T13:38:35
    4460  914247     0.796        685.140        210.090          0.958         32.578         81.431 2025-12-04T13:39:56
    4480  918853     0.795        679.610        222.670          0.985         32.442         91.815 2025-12-04T13:41:28
    4500  922136     0.794        645.030        207.570          0.983         32.342         65.323 2025-12-04T13:42:33
    4520  926245     0.793        663.650        209.480          0.993         32.166         81.760 2025-12-04T13:43:55
    4540  930181     0.793        653.300        200.420          0.994         31.968         77.830 2025-12-04T13:45:13
    4560  933192     0.792        650.220        189.450          1.016         32.002         59.966 2025-12-04T13:46:13
    4580  937760     0.791        677.390        189.070          1.022         32.186         90.922 2025-12-04T13:47:44
    4600  940969     0.790        690.950        188.330          1.040         32.437         63.719 2025-12-04T13:48:48
    4620  945471     0.789        684.510        192.260          1.053         32.630         89.666 2025-12-04T13:50:17
    4640  950255     0.789        726.300        200.740          1.065         32.817         94.941 2025-12-04T13:51:52
    4660  954136     0.788        726.520        209.440          1.049         33.006         76.795 2025-12-04T13:53:09
    4680  958131     0.787        718.540        203.710          1.040         33.063         79.347 2025-12-04T13:54:28
    4700  961736     0.786        719.110        207.670          1.028         32.940         71.866 2025-12-04T13:55:40
    4720  965106     0.786        714.950        196.350          1.028         32.954         67.186 2025-12-04T13:56:47
    4740  968808     0.785        700.190        185.530          1.029         33.038         73.255 2025-12-04T13:58:01
    4760  973163     0.784        743.200        190.270          1.042         33.059         87.582 2025-12-04T13:59:28
    4780  976322     0.783        736.090        181.910          1.062         33.150         64.437 2025-12-04T14:00:33
    4800  979311     0.783        728.610        175.750          1.075         33.451         60.594 2025-12-04T14:01:33
    4820  983476     0.782        731.470        183.700          1.069         33.813         83.900 2025-12-04T14:02:57
    4840  986835     0.781        715.130        180.270          1.090         34.043         67.890 2025-12-04T14:04:05
    4860  991389     0.780        716.910        182.260          1.105         34.389         91.146 2025-12-04T14:05:36
    4880  995603     0.780        735.970        192.810          1.112         34.795         83.480 2025-12-04T14:07:00
    4900  998567     0.779        732.400        192.560          1.119         35.121         60.078 2025-12-04T14:08:00
    4920 1003364     0.778        731.310        198.880          1.122         35.312         96.598 2025-12-04T14:09:36
    4940 1006869     0.777        754.910        200.340          1.113         35.490         70.904 2025-12-04T14:10:47
    4960 1011032     0.777        734.610        196.430          1.113         35.819         83.538 2025-12-04T14:12:11
    4980 1014581     0.776        712.220        189.780          1.131         36.160         70.479 2025-12-04T14:13:21
    5000 1018587     0.775        734.640        200.200          1.136         36.368         78.932 2025-12-04T14:14:40
    5020 1022229     0.774        714.720        188.650          1.173         36.636         71.908 2025-12-04T14:15:52
    5040 1026071     0.774        700.750        192.020          1.207         36.956         76.563 2025-12-04T14:17:09
    5060 1029338     0.773        679.780        183.060          1.198         37.084         64.543 2025-12-04T14:18:13
    5080 1033798     0.772        689.610        192.170          1.214         37.100         87.333 2025-12-04T14:19:41
    5100 1038108     0.771        708.640        195.210          1.242         37.236         85.265 2025-12-04T14:21:06
    5120 1040987     0.771        699.000        187.580          1.257         37.348         56.933 2025-12-04T14:22:03
    5140 1045473     0.770        705.800        194.020          1.283         37.417         88.912 2025-12-04T14:23:32
    5160 1049556     0.769        719.050        202.180          1.313         37.403         80.648 2025-12-04T14:24:52
    5180 1052315     0.769        704.290        185.170          1.303         37.643         54.414 2025-12-04T14:25:47
    5200 1055706     0.768        672.970        175.980          1.285         37.709         67.428 2025-12-04T14:26:54
    5220 1058871     0.767        688.090        178.840          1.246         37.814         62.970 2025-12-04T14:27:57
    5240 1063592     0.767        690.210        181.190          1.214         38.000         93.964 2025-12-04T14:29:31
    5260 1067715     0.766        681.480        181.590          1.225         38.167         81.912 2025-12-04T14:30:53
    5280 1071943     0.765        708.560        196.280          1.240         38.017         83.917 2025-12-04T14:32:17
    5300 1075703     0.764        712.090        199.970          1.262         37.979         74.645 2025-12-04T14:33:32
    5320 1078664     0.764        703.930        197.930          1.304         37.898         58.967 2025-12-04T14:34:31
    5340 1081159     0.763        642.110        175.670          1.310         37.661         49.651 2025-12-04T14:35:20
    5360 1084689     0.762        631.360        169.740          1.295         37.473         69.691 2025-12-04T14:36:30
    5380 1087918     0.762        613.090        159.750          1.270         37.416         64.402 2025-12-04T14:37:34
    5400 1091857     0.761        639.840        161.540          1.262         37.376         78.501 2025-12-04T14:38:53
    5420 1094577     0.761        633.170        159.130          1.268         37.352         54.434 2025-12-04T14:39:47
    5440 1097345     0.760        656.910        161.860          1.286         37.480         55.668 2025-12-04T14:40:43
    5460 1101682     0.759        671.030        169.930          1.301         37.630         86.370 2025-12-04T14:42:09
    5480 1105359     0.759        685.000        174.410          1.317         37.780         73.837 2025-12-04T14:43:23
    5500 1109012     0.758        657.160        171.550          1.306         37.883         73.429 2025-12-04T14:44:37
    5520 1114186     0.757        716.720        196.090          1.271         37.868        103.261 2025-12-04T14:46:20
    5540 1116657     0.756        719.960        193.120          1.213         37.859         50.285 2025-12-04T14:47:10
    5560 1119643     0.756        710.850        179.610          1.175         37.830         59.268 2025-12-04T14:48:09
    5580 1123148     0.755        683.130        177.890          1.153         37.712         69.514 2025-12-04T14:49:19
    5600 1125529     0.755        670.560        165.170          1.156         37.720         47.537 2025-12-04T14:50:06
    5620 1130075     0.754        648.960        158.890          1.128         37.734         90.291 2025-12-04T14:51:37
    5640 1133502     0.753        675.890        168.450          1.154         37.739         68.275 2025-12-04T14:52:45
    5660 1136564     0.753        678.580        169.210          1.145         37.804         61.086 2025-12-04T14:53:46
    5680 1140208     0.752        689.850        170.600          1.143         37.977         73.032 2025-12-04T14:54:59
    5700 1144607     0.751        712.750        190.780          1.160         38.007         87.319 2025-12-04T14:56:26
    5720 1150379     0.750        702.160        203.040          1.208         38.011        114.668 2025-12-04T14:58:21
    5740 1153211     0.750        673.210        197.090          1.219         37.852         56.242 2025-12-04T14:59:17
    5760 1156382     0.749        680.380        198.180          1.244         37.699         63.155 2025-12-04T15:00:20
    5780 1160370     0.748        700.360        201.620          1.253         37.476         79.059 2025-12-04T15:01:40
    5800 1163624     0.748        705.030        190.170          1.240         37.336         64.317 2025-12-04T15:02:44
    5820 1167763     0.747        710.720        173.840          1.248         37.405         82.093 2025-12-04T15:04:06
    5840 1172069     0.746        725.990        188.580          1.244         37.487         85.425 2025-12-04T15:05:31
    5860 1175159     0.745        719.920        187.770          1.248         37.533         61.609 2025-12-04T15:06:33
    5880 1179718     0.745        716.480        193.480          1.243         37.647         90.760 2025-12-04T15:08:04
    5900 1183208     0.744        703.750        195.840          1.256         37.673         69.427 2025-12-04T15:09:13
    5920 1187018     0.743        679.520        192.550          1.235         37.635         75.756 2025-12-04T15:10:29
    5940 1191830     0.742        715.980        197.610          1.242         37.685         96.187 2025-12-04T15:12:05
    5960 1195907     0.742        744.760        207.480          1.287         37.562         81.135 2025-12-04T15:13:26
    5980 1200253     0.741        770.490        205.350          1.337         37.430         86.599 2025-12-04T15:14:53
    6000 1204415     0.740        808.620        212.070          1.349         37.366         83.746 2025-12-04T15:16:17
    6020 1207328     0.739        801.030        203.100          1.398         37.269         58.017 2025-12-04T15:17:15
    6040 1210539     0.739        769.190        187.090          1.427         37.232         64.347 2025-12-04T15:18:19
    6060 1214755     0.738        757.670        188.480          1.432         37.376         83.906 2025-12-04T15:19:43
    6080 1217906     0.738        722.460        176.530          1.404         37.505         62.743 2025-12-04T15:20:46
    6100 1221642     0.737        697.640        172.270          1.401         37.723         74.276 2025-12-04T15:22:00
    6120 1224972     0.736        716.340        176.440          1.400         37.915         66.571 2025-12-04T15:23:06
    6140 1228598     0.736        736.840        180.590          1.409         38.071         72.347 2025-12-04T15:24:19
    6160 1231558     0.735        706.460        168.030          1.429         38.126         58.751 2025-12-04T15:25:18
    6180 1234704     0.734        704.820        167.980          1.496         38.202         62.448 2025-12-04T15:26:20
    6200 1238704     0.734        702.070        170.620          1.522         38.205         79.312 2025-12-04T15:27:39
    6220 1242275     0.733        715.560        173.030          1.572         38.215         71.479 2025-12-04T15:28:51
    6240 1246152     0.732        714.470        175.540          1.619         38.263         77.335 2025-12-04T15:30:08
    6260 1248810     0.732        710.790        172.520          1.651         38.494         53.119 2025-12-04T15:31:01
    6280 1253178     0.731        739.210        184.740          1.647         38.755         87.378 2025-12-04T15:32:29
    6300 1257242     0.730        776.170        185.380          1.659         39.022         81.276 2025-12-04T15:33:50
    6320 1260409     0.730        751.200        181.340          1.632         39.321         63.124 2025-12-04T15:34:53
    6340 1263996     0.729        751.930        178.440          1.643         39.565         71.539 2025-12-04T15:36:05
    6360 1267404     0.728        773.830        185.940          1.637         39.755         68.237 2025-12-04T15:37:13
    6380 1270497     0.728        739.350        173.190          1.661         39.972         61.747 2025-12-04T15:38:15
    6400 1274433     0.727        721.320        171.910          1.684         40.125         78.987 2025-12-04T15:39:33
    6420 1277146     0.727        717.850        167.370          1.705         40.303         54.250 2025-12-04T15:40:28
    6440 1280429     0.726        705.800        164.330          1.693         40.543         65.739 2025-12-04T15:41:33
    6460 1284365     0.725        714.740        169.610          1.674         40.820         78.889 2025-12-04T15:42:52
    6480 1287297     0.725        716.070        168.000          1.657         41.015         59.096 2025-12-04T15:43:51
    6500 1290846     0.724        701.320        164.130          1.639         41.199         70.898 2025-12-04T15:45:02
    6520 1293957     0.724        712.930        168.110          1.609         41.432         62.191 2025-12-04T15:46:05
    6540 1296926     0.723        693.710        164.970          1.568         41.653         59.410 2025-12-04T15:47:04
    6560 1300955     0.722        707.160        165.900          1.561         41.774         80.460 2025-12-04T15:48:24
    6580 1304331     0.722        720.160        170.340          1.533         41.925         67.911 2025-12-04T15:49:32
    6600 1308480     0.721        715.860        176.340          1.519         42.099         82.990 2025-12-04T15:50:55
    6620 1311560     0.720        712.430        176.030          1.559         42.125         61.551 2025-12-04T15:51:57
    6640 1314465     0.720        714.740        175.390          1.570         42.124         58.211 2025-12-04T15:52:55
    6660 1317751     0.719        696.920        167.960          1.562         42.144         65.532 2025-12-04T15:54:01
    6680 1321805     0.719        683.430        174.740          1.565         42.075         80.795 2025-12-04T15:55:21
    6700 1327054     0.718        696.170        185.740          1.534         41.814        104.548 2025-12-04T15:57:06
    6720 1330311     0.717        699.140        187.510          1.477         41.587         65.174 2025-12-04T15:58:11
    6740 1332999     0.717        687.860        185.340          1.457         41.432         54.666 2025-12-04T15:59:06
    6760 1337310     0.716        688.040        195.590          1.426         41.112         85.902 2025-12-04T16:00:32
    6780 1340337     0.715        690.440        185.320          1.407         40.903         60.622 2025-12-04T16:01:32
    6800 1343770     0.715        680.640        167.160          1.438         40.815         68.591 2025-12-04T16:02:41
    6820 1347903     0.714        690.800        175.920          1.432         40.745         82.193 2025-12-04T16:04:03
    6840 1351596     0.713        718.330        185.970          1.431         40.689         73.933 2025-12-04T16:05:17
    6860 1355325     0.713        717.440        180.150          1.433         40.733         74.834 2025-12-04T16:06:32
    6880 1358149     0.712        698.380        178.120          1.435         40.661         56.378 2025-12-04T16:07:28
    6900 1360754     0.712        669.450        169.840          1.409         40.753         51.836 2025-12-04T16:08:20
    6920 1363981     0.711        667.700        160.780          1.394         40.946         64.711 2025-12-04T16:09:25
    6940 1367706     0.710        676.530        161.100          1.379         40.949         73.987 2025-12-04T16:10:39
    6960 1371671     0.710        702.520        163.460          1.370         41.035         79.343 2025-12-04T16:11:58
    6980 1375134     0.709        723.720        169.850          1.370         41.136         69.328 2025-12-04T16:13:07
    7000 1378245     0.709        745.910        174.910          1.372         41.133         62.432 2025-12-04T16:14:10
    7020 1381021     0.708        723.950        170.400          1.376         41.025         55.629 2025-12-04T16:15:06
    7040 1384171     0.707        703.660        164.650          1.367         41.043         63.195 2025-12-04T16:16:09
    7060 1388603     0.707        697.960        169.320          1.372         40.990         88.686 2025-12-04T16:17:37
    7080 1392202     0.706        706.810        170.680          1.350         40.894         71.679 2025-12-04T16:18:49
    7100 1395189     0.706        696.140        169.440          1.333         40.827         60.388 2025-12-04T16:19:49
    7120 1399993     0.705        747.380        189.720          1.319         40.691         95.728 2025-12-04T16:21:25
    7140 1402706     0.704        740.210        185.350          1.334         40.581         54.115 2025-12-04T16:22:19
    7160 1407460     0.703        743.470        188.570          1.325         40.462         95.153 2025-12-04T16:23:54
    7180 1411052     0.703        753.880        188.500          1.338         40.491         72.151 2025-12-04T16:25:07
    7200 1413891     0.702        744.620        187.020          1.369         40.475         56.984 2025-12-04T16:26:04
    7220 1417596     0.702        707.470        176.030          1.408         40.519         74.650 2025-12-04T16:27:18
    7240 1421585     0.701        720.790        188.790          1.410         40.391         79.886 2025-12-04T16:28:38
    7260 1425424     0.700        717.510        179.640          1.420         40.422         77.393 2025-12-04T16:29:56
    7280 1429206     0.700        712.290        181.540          1.417         40.486         76.171 2025-12-04T16:31:12
    7300 1432466     0.699        731.420        185.750          1.420         40.588         65.387 2025-12-04T16:32:17
    7320 1436004     0.698        740.200        184.080          1.407         40.620         71.267 2025-12-04T16:33:28
    7340 1439131     0.698        753.450        175.460          1.415         40.913         63.032 2025-12-04T16:34:31
    7360 1443217     0.697        737.110        177.930          1.439         41.041         82.374 2025-12-04T16:35:54
    7380 1448109     0.696        769.770        189.030          1.467         41.057         98.436 2025-12-04T16:37:32
    7400 1451983     0.696        797.930        195.170          1.473         41.061         78.122 2025-12-04T16:38:50
    7420 1455063     0.695        799.990        190.590          1.470         41.211         62.014 2025-12-04T16:39:52
    7440 1459402     0.694        803.960        202.710          1.459         41.256         87.196 2025-12-04T16:41:20
    7460 1462627     0.694        787.430        194.100          1.450         41.198         65.064 2025-12-04T16:42:25
    7480 1465807     0.693        746.410        176.980          1.420         41.229         64.664 2025-12-04T16:43:29
    7500 1469429     0.693        726.770        174.460          1.400         41.239         73.157 2025-12-04T16:44:42
    7520 1472584     0.692        718.920        175.210          1.394         41.186         64.196 2025-12-04T16:45:47
    7540 1476614     0.691        722.970        172.120          1.399         41.123         81.128 2025-12-04T16:47:08
    7560 1481611     0.690        765.420        189.840          1.397         41.183        101.142 2025-12-04T16:48:49
    7580 1485971     0.690        798.010        201.640          1.391         41.148         88.190 2025-12-04T16:50:17
    7600 1488603     0.689        760.660        191.740          1.378         41.015         54.972 2025-12-04T16:51:12
    7620 1491929     0.689        762.040        193.450          1.402         40.966         69.328 2025-12-04T16:52:21
    7640 1495516     0.688        741.210        189.020          1.422         40.996         74.129 2025-12-04T16:53:36
    7660 1498896     0.687        706.160        172.850          1.418         40.973         69.515 2025-12-04T16:54:45
    7680 1503264     0.687        696.920        172.930          1.459         41.000         89.593 2025-12-04T16:56:15
    7700 1506667     0.686        728.660        180.640          1.500         41.134         69.685 2025-12-04T16:57:24
    7720 1510025     0.686        746.150        180.960          1.503         41.251         68.237 2025-12-04T16:58:33
    7740 1513685     0.685        754.260        181.690          1.522         41.286         74.512 2025-12-04T16:59:47
    7760 1516982     0.684        749.910        180.860          1.540         41.372         66.589 2025-12-04T17:00:54
    7780 1521234     0.684        743.210        179.700          1.549         41.524         85.485 2025-12-04T17:02:19
    7800 1524801     0.683        750.690        181.340          1.559         41.706         71.748 2025-12-04T17:03:31
    7820 1527441     0.683        715.370        174.160          1.557         41.839         53.070 2025-12-04T17:04:24
    7840 1530360     0.682        689.870        166.750          1.544         41.924         61.179 2025-12-04T17:05:25
    7860 1533275     0.682        670.680        162.930          1.566         42.133         60.631 2025-12-04T17:06:26
    7880 1536821     0.681        656.190        155.870          1.559         42.198         73.843 2025-12-04T17:07:40
    7900 1540049     0.680        644.910        152.480          1.553         42.285         67.329 2025-12-04T17:08:47
    7920 1543632     0.680        664.320        161.910          1.566         42.340         74.879 2025-12-04T17:10:02
    7940 1547315     0.679        683.670        169.550          1.573         42.411         76.552 2025-12-04T17:11:18
    7960 1551174     0.679        695.050        178.990          1.569         42.499         77.745 2025-12-04T17:12:36
    7980 1555143     0.678        714.610        183.220          1.589         42.627         80.040 2025-12-04T17:13:56
    8000 1558265     0.677        704.140        182.160          1.595         42.723         62.957 2025-12-04T17:14:59
    8020 1563013     0.677        716.710        193.810          1.610         42.801         95.606 2025-12-04T17:16:35
    8040 1568267     0.676        751.630        209.520          1.634         42.779        105.491 2025-12-04T17:18:20
    8060 1572533     0.675        771.350        213.590          1.657         42.630         86.289 2025-12-04T17:19:46
    8080 1577472     0.674        774.470        223.290          1.668         42.533        100.030 2025-12-04T17:21:27
    8100 1581372     0.673        806.420        231.070          1.691         42.277         78.467 2025-12-04T17:22:45
    8120 1585053     0.673        805.710        220.400          1.696         42.148         75.127 2025-12-04T17:24:00
    8140 1588418     0.672        774.970        201.510          1.690         42.247         68.477 2025-12-04T17:25:09
    8160 1591364     0.672        766.910        188.310          1.691         42.332         60.784 2025-12-04T17:26:09
    8180 1594659     0.671        712.010        171.870          1.663         42.370         68.546 2025-12-04T17:27:18
    8200 1600097     0.670        707.720        187.250          1.636         42.491        112.465 2025-12-04T17:29:10
    8220 1603498     0.670        685.340        184.450          1.618         42.369         69.402 2025-12-04T17:30:20
    8240 1606759     0.669        687.800        183.410          1.570         42.097         66.966 2025-12-04T17:31:27
    8260 1610079     0.669        678.320        187.150          1.496         41.834         67.142 2025-12-04T17:32:34
    8280 1612731     0.668        699.850        180.720          1.479         41.621         53.621 2025-12-04T17:33:28
    8300 1615818     0.668        677.220        157.210          1.460         41.485         61.953 2025-12-04T17:34:29
    8320 1619091     0.667        687.590        155.930          1.404         41.490         65.724 2025-12-04T17:35:35
    8340 1622421     0.667        658.930        156.620          1.397         41.388         66.599 2025-12-04T17:36:42
    8360 1628589     0.666        701.330        185.100          1.404         41.340        123.466 2025-12-04T17:38:45
    8380 1633738     0.665        709.470        210.070          1.352         41.150        103.741 2025-12-04T17:40:29
    8400 1639377     0.664        710.810        235.590          1.304         40.900        114.486 2025-12-04T17:42:23
    8420 1643789     0.663        742.140        246.980          1.297         40.496         89.597 2025-12-04T17:43:53
    8440 1647541     0.662        774.490        251.200          1.276         40.249         76.236 2025-12-04T17:45:09
    8460 1651070     0.662        751.820        224.810          1.258         39.997         71.770 2025-12-04T17:46:21
    8480 1654550     0.661        737.940        208.120          1.305         39.690         70.571 2025-12-04T17:47:32
    8500 1657964     0.661        740.400        185.870          1.337         39.493         69.496 2025-12-04T17:48:41
    8520 1662396     0.660        711.480        186.070          1.354         39.440         89.408 2025-12-04T17:50:11
    8540 1668634     0.659        710.430        210.930          1.364         39.338        126.277 2025-12-04T17:52:17
    8560 1672689     0.658        703.610        216.190          1.374         39.020         83.466 2025-12-04T17:53:40
    8580 1676162     0.658        717.740        216.120          1.358         38.918         70.712 2025-12-04T17:54:51
    8600 1679982     0.657        746.640        220.180          1.343         38.828         77.590 2025-12-04T17:56:09
    8620 1683840     0.656        750.120        214.440          1.349         38.643         78.595 2025-12-04T17:57:27
    8640 1687583     0.656        729.940        189.490          1.359         38.519         76.349 2025-12-04T17:58:44
    8660 1691083     0.655        737.240        183.940          1.341         38.538         70.979 2025-12-04T17:59:55
    8680 1694451     0.655        721.460        182.890          1.325         38.479         68.601 2025-12-04T18:01:03
    8700 1698123     0.654        699.280        181.410          1.312         38.459         75.021 2025-12-04T18:02:18
    8720 1703875     0.653        700.790        200.350          1.274         38.432        117.160 2025-12-04T18:04:15
    8740 1707753     0.653        718.630        201.700          1.236         38.310         79.414 2025-12-04T18:05:35
    8760 1711368     0.652        716.960        202.850          1.226         38.122         74.477 2025-12-04T18:06:49
    8780 1714861     0.651        735.230        204.100          1.218         37.924         71.891 2025-12-04T18:08:01
    8800 1717617     0.651        719.330        194.940          1.218         37.573         56.692 2025-12-04T18:08:58
    8820 1721254     0.650        718.080        173.790          1.226         37.415         74.857 2025-12-04T18:10:13
    8840 1724543     0.650        698.460        167.900          1.244         37.311         67.386 2025-12-04T18:11:20
    8860 1729348     0.649        717.670        179.800          1.235         37.332         99.157 2025-12-04T18:12:59
    8880 1732629     0.648        688.160        177.680          1.259         37.421         68.394 2025-12-04T18:14:08
    8900 1737534     0.648        715.740        199.170          1.270         37.594        101.562 2025-12-04T18:15:49
    8920 1741405     0.647        707.960        201.510          1.270         37.795         80.478 2025-12-04T18:17:10
    8940 1744691     0.647        707.660        201.480          1.308         37.966         67.987 2025-12-04T18:18:18
    8960 1748457     0.646        698.360        191.090          1.338         38.143         78.171 2025-12-04T18:19:36
    8980 1753217     0.645        736.230        205.880          1.331         38.265         98.169 2025-12-04T18:21:14
    9000 1756315     0.645        726.720        187.810          1.343         38.274         64.206 2025-12-04T18:22:18
    9020 1760913     0.644        742.900        195.080          1.371         38.246         95.035 2025-12-04T18:23:53
    9040 1765923     0.643        759.430        212.320          1.349         38.214        103.629 2025-12-04T18:25:37
    9060 1769300     0.643        714.220        208.430          1.338         38.206         69.290 2025-12-04T18:26:46
    9080 1774680     0.642        732.820        214.630          1.328         38.213        111.135 2025-12-04T18:28:37
    9100 1778310     0.641        733.610        219.950          1.312         38.295         74.747 2025-12-04T18:29:52
    9120 1782656     0.640        701.810        217.430          1.302         38.171         90.320 2025-12-04T18:31:22
    9140 1786958     0.640        684.100        210.350          1.287         38.037         89.196 2025-12-04T18:32:51
    9160 1790384     0.639        693.300        210.840          1.316         37.899         69.982 2025-12-04T18:34:01
    9180 1794346     0.639        658.220        196.660          1.359         37.714         80.965 2025-12-04T18:35:22
    9200 1798960     0.638        666.810        206.500          1.379         37.499         95.120 2025-12-04T18:36:58
    9220 1803939     0.637        686.080        212.830          1.437         37.378        101.849 2025-12-04T18:38:39
    9240 1808617     0.636        729.960        216.590          1.494         37.351         96.200 2025-12-04T18:40:16
    9260 1813344     0.636        757.560        229.600          1.516         37.108         97.889 2025-12-04T18:41:53
    9280 1816410     0.635        742.270        220.640          1.498         36.963         63.205 2025-12-04T18:42:57
    9300 1821207     0.634        742.720        222.470          1.503         36.731         98.717 2025-12-04T18:44:35
    9320 1825303     0.634        750.370        213.640          1.450         36.478         84.479 2025-12-04T18:46:00
    9340 1828395     0.633        723.060        197.780          1.407         36.177         63.962 2025-12-04T18:47:04
    9360 1831758     0.633        708.300        184.140          1.370         36.070         69.824 2025-12-04T18:48:14
    9380 1835098     0.632        730.540        186.880          1.343         35.982         68.869 2025-12-04T18:49:23
    9400 1838812     0.631        715.450        176.050          1.305         36.016         75.737 2025-12-04T18:50:38
    9420 1841893     0.631        680.640        165.900          1.282         36.026         63.035 2025-12-04T18:51:41
    9440 1844528     0.631        652.520        161.330          1.276         36.147         54.380 2025-12-04T18:52:36
    9460 1848448     0.630        658.950        166.900          1.256         36.245         80.386 2025-12-04T18:53:56
    9480 1853335     0.629        668.060        182.370          1.238         36.222        100.090 2025-12-04T18:55:36
    9500 1858032     0.628        704.210        192.200          1.220         36.228         97.175 2025-12-04T18:57:13
    9520 1861669     0.628        724.610        197.760          1.192         36.340         75.536 2025-12-04T18:58:29
    9540 1865495     0.627        746.550        209.670          1.156         36.342         78.805 2025-12-04T18:59:48
    9560 1868393     0.627        727.300        199.450          1.128         36.344         60.007 2025-12-04T19:00:48
    9580 1872778     0.626        716.320        194.430          1.110         36.442         90.921 2025-12-04T19:02:19
    9600 1878008     0.625        679.460        199.760          1.113         36.448        108.594 2025-12-04T19:04:07
    9620 1881447     0.625        674.960        197.780          1.110         36.392         71.044 2025-12-04T19:05:18
    9640 1885993     0.624        683.140        204.980          1.092         36.341         94.547 2025-12-04T19:06:53
    9660 1889486     0.624        691.700        210.930          1.079         36.325         73.061 2025-12-04T19:08:06
    9680 1894068     0.623        717.570        212.900          1.108         36.250         95.250 2025-12-04T19:09:41
    9700 1897418     0.622        707.010        194.100          1.115         36.290         68.927 2025-12-04T19:10:50
    9720 1900947     0.622        720.470        195.000          1.134         36.434         72.444 2025-12-04T19:12:02
    9740 1904330     0.621        704.570        183.370          1.166         36.566         69.302 2025-12-04T19:13:12
    9760 1907912     0.621        714.740        184.260          1.202         36.716         74.471 2025-12-04T19:14:26
    9780 1911989     0.620        710.730        179.210          1.203         36.886         84.135 2025-12-04T19:15:50
    9800 1915102     0.620        728.950        176.840          1.230         37.059         63.983 2025-12-04T19:16:54
    9820 1918210     0.619        717.040        172.630          1.246         37.244         63.292 2025-12-04T19:17:58
    9840 1921570     0.619        738.210        172.400          1.264         37.541         68.556 2025-12-04T19:19:06
    9860 1925781     0.618        767.860        178.690          1.298         37.734         86.253 2025-12-04T19:20:32
    9880 1930071     0.617        778.270        180.820          1.315         37.936         87.608 2025-12-04T19:22:00
    9900 1934085     0.617        778.710        189.830          1.345         38.038         82.098 2025-12-04T19:23:22
    9920 1937526     0.616        789.790        193.160          1.372         37.999         70.516 2025-12-04T19:24:33
    9940 1940733     0.616        758.020        191.630          1.399         37.905         65.687 2025-12-04T19:25:38
    9960 1944925     0.615        743.710        191.440          1.381         37.826         85.638 2025-12-04T19:27:04
    9980 1948534     0.614        737.020        184.630          1.368         37.792         73.849 2025-12-04T19:28:18
   10000 1952046     0.614        738.770        179.610          1.352         37.868         71.931 2025-12-04T19:29:30
   10020 1956428     0.613        743.950        189.020          1.329         38.031         89.501 2025-12-04T19:30:59
   10040 1958871     0.613        742.390        181.380          1.303         38.174         50.713 2025-12-04T19:31:50
   10060 1962330     0.612        734.900        174.050          1.346         38.351         70.949 2025-12-04T19:33:01
   10080 1965155     0.612        699.040        166.210          1.399         38.591         57.757 2025-12-04T19:33:59
   10100 1969588     0.611        729.700        175.420          1.438         38.752         90.606 2025-12-04T19:35:29
   10120 1973321     0.611        713.660        168.930          1.517         39.011         76.425 2025-12-04T19:36:46
   10140 1977147     0.610        751.390        182.760          1.568         39.234         78.416 2025-12-04T19:38:04
   10160 1981065     0.609        749.450        187.350          1.590         39.549         80.381 2025-12-04T19:39:25
   10180 1985948     0.609        775.430        207.930          1.600         39.764         99.719 2025-12-04T19:41:04
   10200 1990433     0.608        777.720        208.450          1.596         39.952         92.057 2025-12-04T19:42:36
   10220 1993656     0.607        792.480        203.350          1.632         40.096         65.732 2025-12-04T19:43:42
   10240 1997503     0.607        782.910        203.560          1.678         40.334         78.634 2025-12-04T19:45:01
   10260 2000604     0.606        780.630        195.390          1.702         40.448         63.156 2025-12-04T19:46:04
   10280 2004613     0.606        766.770        186.650          1.738         40.586         82.011 2025-12-04T19:47:26
   10300 2008527     0.605        746.970        180.940          1.759         40.672         81.222 2025-12-04T19:48:47
   10320 2011620     0.605        734.560        179.640          1.712         40.740         63.982 2025-12-04T19:49:51
   10340 2014957     0.604        745.870        174.540          1.667         40.833         69.157 2025-12-04T19:51:00
   10360 2018682     0.604        735.640        180.780          1.628         40.826         76.560 2025-12-04T19:52:17
   10380 2022604     0.603        753.050        179.910          1.632         40.811         80.754 2025-12-04T19:53:38
   10400 2026099     0.603        735.270        175.720          1.647         40.889         72.329 2025-12-04T19:54:50
   10420 2029781     0.602        762.180        181.610          1.664         40.870         75.466 2025-12-04T19:56:05
   10440 2034578     0.601        783.910        196.210          1.677         40.815         98.721 2025-12-04T19:57:44
   10460 2038693     0.601        791.320        200.110          1.679         40.958         85.065 2025-12-04T19:59:09
   10480 2043122     0.600        783.300        205.180          1.645         40.976         91.427 2025-12-04T20:00:41
   10500 2048171     0.599        803.980        220.720          1.618         40.898        103.299 2025-12-04T20:02:24
   10520 2051541     0.599        781.780        217.600          1.600         40.769         69.403 2025-12-04T20:03:33
   10540 2056230     0.598        740.500        216.520          1.592         40.614         96.247 2025-12-04T20:05:10
   10560 2060289     0.597        739.010        215.960          1.573         40.211         83.621 2025-12-04T20:06:33
   10580 2062932     0.597        711.100        198.100          1.536         39.986         54.499 2025-12-04T20:07:28
   10600 2066354     0.597        693.760        181.830          1.510         39.771         70.754 2025-12-04T20:08:38
   10620 2069684     0.596        702.640        181.430          1.469         39.811         68.892 2025-12-04T20:09:47
   10640 2072803     0.596        694.410        165.730          1.441         39.780         64.534 2025-12-04T20:10:52
   10660 2076520     0.595        702.000        162.310          1.447         39.925         76.841 2025-12-04T20:12:09
   10680 2079785     0.595        700.650        168.530          1.450         40.018         67.043 2025-12-04T20:13:16
   10700 2084661     0.594        697.340        183.070          1.460         40.146        100.200 2025-12-04T20:14:56
   10720 2089352     0.593        710.470        196.680          1.466         40.066         96.482 2025-12-04T20:16:32
   10740 2092795     0.593        723.590        199.920          1.475         40.100         70.322 2025-12-04T20:17:43
   10760 2096490     0.592        710.920        199.700          1.464         40.050         75.655 2025-12-04T20:18:58
   10780 2099872     0.592        718.740        200.870          1.481         39.940         68.982 2025-12-04T20:20:07
   10800 2103194     0.591        698.900        185.330          1.473         39.753         67.551 2025-12-04T20:21:15
   10820 2106637     0.591        686.420        172.850          1.474         39.634         70.868 2025-12-04T20:22:26
   10840 2110399     0.590        686.960        176.040          1.469         39.416         79.750 2025-12-04T20:23:45
   10860 2115842     0.589        702.370        193.520          1.488         39.143        113.975 2025-12-04T20:25:39
   10880 2119980     0.589        724.650        201.080          1.476         38.902         86.343 2025-12-04T20:27:06
   10900 2124719     0.588        747.080        215.250          1.457         38.654         99.703 2025-12-04T20:28:46
   10920 2129407     0.587        734.770        227.700          1.428         38.317         96.950 2025-12-04T20:30:22
   10940 2132747     0.587        739.970        223.480          1.431         37.999         69.639 2025-12-04T20:31:32
   10960 2136685     0.586        733.140        208.430          1.419         37.787         82.478 2025-12-04T20:32:55
   10980 2141162     0.585        725.610        211.820          1.415         37.585         93.052 2025-12-04T20:34:28
   11000 2144592     0.585        740.870        198.730          1.425         37.544         71.702 2025-12-04T20:35:39
   11020 2147726     0.585        734.110        183.190          1.451         37.651         65.776 2025-12-04T20:36:45
   11040 2151175     0.584        719.720        184.280          1.447         37.824         70.757 2025-12-04T20:37:56
   11060 2155416     0.583        739.080        187.310          1.437         38.040         88.078 2025-12-04T20:39:24
   11080 2158174     0.583        712.490        170.120          1.439         38.314         56.892 2025-12-04T20:40:21
   11100 2161051     0.583        687.070        164.590          1.466         38.725         59.367 2025-12-04T20:41:20
   11120 2164883     0.582        716.040        171.570          1.472         38.953         78.792 2025-12-04T20:42:39
   11140 2169688     0.581        747.390        185.130          1.479         39.044         98.603 2025-12-04T20:44:18
   11160 2172873     0.581        718.420        174.570          1.504         39.071         65.555 2025-12-04T20:45:23
   11180 2176239     0.580        747.140        180.650          1.522         39.034         69.481 2025-12-04T20:46:33
   11200 2180158     0.580        751.290        191.070          1.510         38.806         80.796 2025-12-04T20:47:53
   11220 2183990     0.579        735.750        191.070          1.522         38.790         78.523 2025-12-04T20:49:12
   11240 2186812     0.579        700.650        171.240          1.535         38.881         58.743 2025-12-04T20:50:11
   11260 2190050     0.578        701.830        171.770          1.527         39.031         67.064 2025-12-04T20:51:18
   11280 2194187     0.578        716.280        179.480          1.551         39.251         85.641 2025-12-04T20:52:43
   11300 2197395     0.577        710.160        172.370          1.563         39.408         66.106 2025-12-04T20:53:50
   11320 2202059     0.577        738.760        180.690          1.586         39.471         96.427 2025-12-04T20:55:26
   11340 2206553     0.576        771.220        197.410          1.590         39.524         95.578 2025-12-04T20:57:02
   11360 2211141     0.575        804.600        210.910          1.612         39.513         96.974 2025-12-04T20:58:38
   11380 2216819     0.575        806.100        226.320          1.609         39.467        119.298 2025-12-04T21:00:38
